SOLUTION REGULAR 
Solution regular #1
1 4 9 3 2 5 6 8 7 
5 8 6 7 9 1 2 4 3 
7 3 2 4 6 8 9 1 5 
2 6 8 5 3 9 1 7 4 
3 1 5 6 4 7 8 2 9 
9 7 4 8 1 2 3 5 6 
4 2 7 9 8 3 5 6 1 
6 9 1 2 5 4 7 3 8 
8 5 3 1 7 6 4 9 2 
=====================================================================================================================================
SOLUTION X 
=====================================================================================================================================
SOLUTION Y 
=====================================================================================================================================
SOLUTION XY 
=====================================================================================================================================
